9c8fb72109a1f2a1e15f17e33f934a96$[0.009239383964126498, 0.023229294045370035, 32.60420348799998]
1e20755770a9c5d03cc56035daf3a464$[5.0121440713060975e-06, 0.0005174249329386203, 12.108384599000047]
5411751c901d5890f720b68fa09d1218$[0.0, 0.0, 1.834195866997729e-08]
9d10d01680fd361323cfd16a07bfa891$[0.0, 0.0, 0.0014647899492460038]
c2eb0a3f910978722fb5e85c46a97d18$[0.0008096692467893339, 0.001247998473908059, 20.56533116499991]
b1a2e77d836d79a12387b82005106b52$[0.0003561771257278207, 0.9907743077683061, 49.5506328699998]
5d13191da690ba5e937e47246472c19b$[0, 0.0, 0.0]
c47931067613d8f1ba8900d5fa998818$[0.0039743729678004686, 0.007820132473722721, 18.79069732100013]
1870bf2699778952d1dad9af48df126a$[0.004934730560568226, 0.0056788853307508215, 23.345468693999972]
7c6fc78f2d324be1074dc391a0368a67$[0.0003384497966221222, 0.004233263409845662, 13.383208225000061]
c14d4b92bca12f9f75d375dc409dd00a$[0, 0.0, -7.137541695738358e-05]
480a906704b8cc965cc0af6e5d760d83$[0, 0.0, 0.0]
b00dc17ae396018075b3ae64f88b1d6d$[0, 0.0, -5.2199347581149944e-05]
3036981b3f5d813eebcf929eb1639b85$[0.0011519493951269745, 0.0014950862277686445, 22.10214990599988]
f65c079f66782f0ca3b58f46ac116f51$[0.0, 0.0, 1.8342106869977214e-08]
865a940c8c452714db42d764fccd132c$[0.003974372967800465, 0.007820132473722714, 18.79069732100013]
272975b24a3c26960f097df6f8f12420$[0.0011519504670352465, 0.0014950869633618823, 22.10215417199981]
600699943027f087b067e5041e41d4fe$[0.004314957713006243, 0.006827927541107702, 20.352994472999992]
122916d4b557f9721df6f11ccd8b3cbd$[0.0, 0.0, 9.10364756274745e-09]
c95c2609b5fd88d69acf511788a988cd$[0.00923921020482125, 0.023229440612609124, 32.60432962104008]
02888eb8e255bae01f2493a6f41c0bea$[0.0012165905720493075, 0.0015339804341269175, 22.387549629480077]
2b2b6eee4ab6c245431767cb7b4f44cf$[0.009239210192380304, 0.023229440616114233, 32.604329628560066]
8689e048f75f45d4a8ad10e297f9d39e$[0.0, 0.0, 9.338705858382807e-09]
5e5b808fbe1e6fbf0cab585e9b22c55b$[0.00012816549592344756, 0.0006637702118838684, 14.81170639099988]
b1403cea27bbc9b07e641f9a0f03b800$[0.0001281646336941541, 0.0006637688392988866, 14.811695031000138]
15819e6e86f75511e7a4f2e651545c80$[0.00014318642308109848, 0.03173218586838717, 44.35957454700015]
f2f278fad66eedf538440e20160b8ae6$[0.0, 0.0, 9.65796362998438e-09]
8a147c4698cf3c2b5da75a51428604f9$[0.000587803200645023, 0.0010486874707694358, 19.4509246109]
583072e1a6637bf852114746623c4361$[0.0039744189605537975, 0.007820159116199652, 18.79074971799986]
188c00cd38cd4cb0da4df23bed2a49f3$[0.000587806117298343, 0.0010486896482424849, 19.450945032619973]
9832c9bd450b5690ddc180e317810130$[0.000128164633694154, 0.0006637688392988862, 14.811695031000138]
94d1d7abfb891f1b6a6f138f8a9548e9$[0.004934748782928081, 0.00567889573488115, 23.345489108000162]
f930bc77b3ecd9e7cdce0f8b7d0855ea$[0.00189000647184092, 0.004074614094301188, 18.23041914199995]
052c3a91fc8957390bf43a7d923c2b39$[0.00012816549592344767, 0.0006637702118838689, 14.81170639099988]
617283c07f3c711703c751b57f4f5af9$[0.00014318774581752598, 0.03173247053333637, 44.35957304099988]
b94a2242b396bbb9690e48e1c84ee12c$[0.0043140595426817184, 0.00682657119300467, 20.352918609999996]
c1e2524ea5a99221ef263b738c6c0d31$[0.0011519504670352476, 0.0014950869633618836, 22.10215417199981]
013fde9e9a3c2098389e032529073f42$[0.0005877937013421052, 0.0010486766856385979, 19.450883022959992]
3d968cbfcb512e37992fedac9ef17d20$[0.003974372967800461, 0.007820132473722706, 18.79069732100013]
9dd71c8b762c17c44ced0e66c57a34ae$[0.004314059542681717, 0.006826571193004668, 20.352918609999996]
1057249c159ba959c81b49c3cf998ba5$[0.001151949395126975, 0.001495086227768645, 22.10214990599988]
5decf8f78b2be2e9db39527b5e993f80$[0, 0.0, 0]
93b4e720f8d9863e7a3c8188c239fe50$[0.0012165905850220634, 0.0015339804416942178, 22.387549686860144]
6e957016de85afa69b64be078631747d$[0.00012816549592344756, 0.0006637702118838685, 14.81170639099988]
60b9602541f68ec78ece52d1760511a5$[0.0018899991334920168, 0.004074624099659622, 18.230382021000043]
8985c046edee2ed43d1d2cbafa54cb7c$[0.0, 0.0, 9.672928561586519e-09]
a9358588c33c9ec1f28d25eab1703c71$[0.0018899914864192726, 0.004074616267564639, 18.230369582000073]
12ca4db2f727c3183cf97db3f739ecfd$[0.00014318774581752587, 0.031732470533336346, 44.35957304099988]
ef70dc443fdd8c02ea759d96c74f1f9c$[0.0012165905738014252, 0.0015339804353067278, 22.387549636200045]
32e89c03d7ce5faa481ef4f38bc4e544$[0.0011519504670352465, 0.0014950869633618823, 22.10215417199981]
995a40b37ee0b6e32a2e9a7186b60c8d$[0.0, 0.0, 1.0309787143987658e-08]
fe1ec6956061ef050627d2a4eca0ebcc$[0.009239261051414442, 0.02322901864509878, 32.604210756999855]
447b6d2cd3460334a65ed7ea2860465f$[0.0018900064718409184, 0.004074614094301185, 18.23041914199995]
251bc0ddb00b2541fc5368b7b4bfd035$[0.0, 0.0, 0.002499799000000028]
23bf61979341a2c6225e76f25b5cc668$[0.00012816554469939395, 0.0006637669351593501, 14.811719353999855]
ad9190a288fd54d1d6a0e50eb86465aa$[0.00035371939065310774, 0.004097406913393295, 36.53626741300004]
268605c5ea7f553adaa475b987b02f89$[0.0012165918693907065, 0.0015339811760630262, 22.38755546460013]
b7c9d9b1b9bb3ddd6ecb1bcc8ff13e1c$[0, 0.0, -7.137541695738358e-05]
af68ad7af27b6a24073515364d26a427$[0.0005421577909690926, 0.985908896364796, 49.312616772999874]
e581569215e783e5b02244d520aefb66$[0, 0.0, -0.0011179519311600031]
e581569215e783e5b02244d520aefb66$[0, 0.0, -0.0001549510027458]
79da6fcdf88b31d8f8e6e715270c5710$[0.0008096692560265144, 0.0012479984812901546, 20.565331209999915]
1f7eb31b7bd2038221d61a871c439089$[0.004934748782928069, 0.005678895734881136, 23.345489108000162]
747f8d078f5bae905655fc2e60a27847$[0.0, 0.0, 9.338042933582751e-09]
a2ac621e7ee94d2a822ad49fa5497088$[0.0005877937012597389, 0.0010486766854590516, 19.45088302317998]
fb603263d65515c470c1534c3bba07a6$[0.0005877937010870216, 0.0010486766856843486, 19.450883019579983]
c9a0e90af8ac89403ac22aa24f102cfd$[0.0, 0.0, 1.834195866997729e-08]
9211df5cc14b598691e275634c5d1bec$[0.0, 0.0, 9.10364756274745e-09]
1108ad863a29e26e0bed9ca7acbef5ac$[0.0, 0.0, 9.681951814999367e-09]
8d1c20328ad31b1bb4470695b15455c5$[0.0011519493951269745, 0.0014950862277686445, 22.10214990599988]
2a12cbd21cc585acad45d69e3c80aeff$[0.0, 0.0, 9.698594871989292e-09]
2bd041a5c712b6bc14517fe407bbdedd$[0.0, 0.0, 9.103647562281903e-09]
7eb625d7a73f7d0867a69261e373d090$[0.00012816384905729532, 0.0006637647418783264, 14.811695155000073]
2ac9d45ea8d9dcc001ec691cb5b1f0ab$[0.0005877937013421052, 0.0010486766856385979, 19.450883022959992]
ddb5dc5d0e99135bea17bed6dd7b5df0$[0.0018899914864192742, 0.004074616267564643, 18.230369582000073]
5e75e154f766f6cc02c90219f74e617c$[0.0, 0.0, 9.668232913992457e-09]
7fdea5850f9254f5ac4e7de40c4b9096$[0.00012816554469939392, 0.0006637669351593499, 14.811719353999855]
60509afa29aad022ac7b67c940fc9229$[0.0012165905770270046, 0.00153398043706069, 22.387549651300084]
24445304f1711cf490ca428fc4c407ac$[0.004934748782928078, 0.005678895734881147, 23.345489108000162]
04fb556744a4f53929adc1f81b2b5bdf$[0.0, 0.0, 9.338705858382807e-09]
acb0b5419cbf42b496ec01e5e8efc727$[0.0, 0.0, 1.834195866997729e-08]
68b0761d31dcc6d86410c0d7e3419578$[0.00012816549592344748, 0.000663770211883868, 14.81170639099988]
20b382de3d5339493e47aea5db5ef0a4$[0.00923921016833737, 0.023229440641423498, 32.604329647100066]
4573d60837f6170b10608ae0830ee1f2$[0.00014318773670584978, 0.0317324713495108, 44.35957354499994]
ef62a54385b79969f311d671d434469c$[0.0, 0.0, 9.65805724300054e-09]
13b063fa63792d6b61e5572cc6646ca0$[0.00493473056056823, 0.005678885330750826, 23.345468693999972]
48104b5801bf1d3015d0e062174d060b$[0.0, 0.0, 9.338042933582751e-09]
912c6db58dc9acb6aadc0855797416de$[0.0018899982454956643, 0.004074605847562948, 18.230405504000046]
01027136256c5557ed66c451046346d9$[0.0011519505845690343, 0.0014950870384500073, 22.102154675999827]
807b4320934332bf4756bd35f9e5bfa6$[0.003974418960553806, 0.007820159116199668, 18.79074971799986]
f6cb59b9487f37bc4d9730bc83b3736e$[0.00397452556582175, 0.00782030299564391, 18.790803776000022]
e6c6899ac16f81f5a13334f17eb5a240$[0.0, 0.0, 1.834195866997729e-08]
a6f226f954924f9b4fdddf658e99da50$[0.009239261051414432, 0.023229018645098756, 32.604210756999855]
229e077613f8d24f689dd3edf0f0de09$[0.00014318642575398036, 0.03173218511053187, 44.35957430700002]
9e555006fd0a6065838b9deaa00f5385$[0.00012816360845224617, 0.000663764457408066, 14.811691623000085]
119c64cabcad211cb5a512c91a28f96c$[0.0, 0.0, 9.652139222206703e-09]
91143ac89b9d9e2f8be5e2262d75f545$[0.00923925381933533, 0.02322903062936585, 32.604217279]
8a40f48d31e59c300bb7d66150d2ae24$[0.004314957713006233, 0.0068279275411076866, 20.352994472999992]
03693cdab1c1a9f6110c26b52ee3fa14$[0.0001431877480563985, 0.03173247050629474, 44.359572947999965]
7c3117697ddeb49aa28af860d95c1e07$[0.0011519496452071971, 0.0014950864041916067, 22.102150869999825]
bb0ba995ef1fe62487e79e4d8a20ba10$[0.0, 0.0, 1.9465329602298014e-06]
745f5c871a88da2bfccba5554b697b95$[0.003974428280035646, 0.007820167298320366, 18.79075805100007]
4c7e6d488ffb51357e41f54971f60d43$[0.002139902578193923, 0.0037609869687135243, 19.557748425000074]
b4a9e64f6ad6d26d2a46f8266670bf2f$[0.0, 0.0, 2.2120149275994052e-08]
65f1f6f4bbe573033d6904c971d1af1e$[0, 0.0, 0]
65f1f6f4bbe573033d6904c971d1af1e$[0, 0.0, 0]
3d8a12cedb23ee9072c456d89f296db8$[0.013043544932040085, 0.02300381562935625, 30.46696233699997]
5b62f036595c22ec6179df6bebad69ad$[0.0004888029730190302, 0.9875666523205947, 49.38130381899992]
e3bf8b0abf8ca2a6cc6318baba4df9e4$[0.0011951828156114676, 0.0015211712699213483, 22.29417987400013]
99c54c882369e296a6d86708b3e52dea$[0.0, 0.0, 1.0236140854383894e-08]
bf9245c7bb9a5af321454d40c0a39826$[0, 0.0, 0]
6f71be4c3903b6f11c6d57e61affcad1$[0.0, 0.0, 0.0005690178511565997]
76f98bac7cbfbcb14f96684ad2269e21$[0.0, 0.0, 0.003971679108583992]
311673cf5b47106f76576e262b3d82ab$[0, 0.0, -8.950395249859959e-05]
91d18843389b8add45edff45a7d1eff9$[0.0010588192607544594, 0.0012752621879988906, 22.857016958000152]
0e1f81550494a9781f19ea1c4e4af3cd$[4.570763652918694e-05, 0.0005033141560532471, 13.520370378000052]
c27cfb36b4cbe601e0575fc4ebc50763$[0.0, 0.0, 0.16260487373000035]
c27cfb36b4cbe601e0575fc4ebc50763$[0.0, 0.0, 0.16260466169000123]
c27cfb36b4cbe601e0575fc4ebc50763$[0.0, 0.0, 0.16260445746000007]
c27cfb36b4cbe601e0575fc4ebc50763$[0.0, 0.0, 0.1626047424216014]
61c4194c45ce586aeca3f98734192348$[0.0011058799795763514, 0.0014455425648770253, 22.033176946479966]
135bae0be23e9c93e5fc53a669b013e1$[0.00013583413840827948, 0.0006838213263355365, 14.881815784139995]
2e656ede0554bf00492f9b3c7c2c3a1d$[0.0, 0.0, 0.03590952717052006]
c2337fe1a5dbe3636035448a703a72cd$[0.0026696758684394838, 0.0042427286554649404, 20.318631185999983]
42b3f18ff47b10f47395c9d6d6f03c28$[0.005327358996303694, 0.006349766481485141, 22.96698265100005]
c0330ffa893337dc2c34fb9372eb1afa$[0.0, 0.0, 9.157514177988523e-09]
023ee68023bab93efea16302acc87167$[0.0003383651353287986, 0.004233248488055095, 13.382959268999928]
1ae61a0b3b291e1bd749e8ace729f1d6$[0.0, 0.0, 9.735947779989758e-09]
e1efbb82ed40250e0fa455217cac6c22$[0.005327422823102929, 0.006349224650928447, 22.96801358600005]
94a6d8024d1d5df69c3fca55b496883c$[0.00090007389781841, 0.9766370084093193, 48.84799330499928]
6926a374bf4738df3e9b09f91abc2f80$[0.0001345504936831905, 0.0321333168660967, 44.76592728335989]
ccdd04441751c722a753a26afc0d79f8$[0.0022283536207133347, 0.002490985556371118, 26.331224014999805]
7e5860f665f354c8752cc68a55d9d2a7$[5.201835733191179e-07, 0.00011409387682014345, 5.699074172700022]
c83b10229502011a22e8b6c6d1af2380$[0.004770312470694668, 0.8615455643187784, 43.07884476999986]
d72306c717cc6bbf0e5208f7e81b081f$[0, 0.0, -7.288809206500015e-05]
b13d962702c3f6e2b80314bd8cbd6ef8$[2.328546892921421e-06, 0.00024038581107935783, 12.108383614999978]
c8916127bc050e2fa0f36182ec00233b$[0.00012130731108059388, 0.013443661053255796, 38.72077046200005]
dc99d0818d3c4e810465c401abaffda0$[-0.0, -0.0, 1.0987001413990825e-08]
0ee22ed50450a5c824dc64bc63526d92$[0.0, 0.0, 9.542961511994573e-09]
c204f19d0958ed184ab26c2ea125967b$[0.0022234070263879796, 0.0025222404514192065, 26.495951468000115]
d3826e4611f1e26799e35e257e61731b$[0.0006956378428179811, 0.0013089708422682595, 19.08382274199998]
c17242f0b498547a2031dacd8e27853c$[0.0001267916535624218, 0.0004309133739727755, 16.08888016899995]
55173c4bcbffa563f5f7117176ade6e6$[0.000899993296956088, 0.9766426128810068, 48.848103076440125]
341b9bdb501fb5108159db4068f2130e$[0.00029340482466570507, 0.0009420495426039164, 16.3062337070001]
b31afcb7434916937b510fb8bb45ead9$[0, 0.0, 0]
b55e617fc3af047b9d1ba7b4ca769482$[0.001195189423602178, 0.001521188365282191, 22.294123234520043]
0982abe447ef8f18fbee6aa25c0199e1$[0, 0.0, -5.219941592673668e-05]
aab0976d1fb0ef1c7b608d9f5c928bc7$[0.0, 0.0, 1.1258108893996714e-08]
75f1164771b5893c90fc732387b2883a$[1.6829224806406608e-05, 0.0021201338757457213, 9.922265404400001]
e42cbb3dc957d5e1c05b6665a0a6006f$[4.8755723362324445e-06, 0.000507982954184686, 11.997381742999995]
61ba87e84ff6a0c106a3d8ef484c1820$[2.3284924357824797e-06, 0.00024038139265439675, 12.108322996999918]
5ccb13cadd7830d9b0550231c6ad5831$[0.0044358972354277635, 0.8729453275358886, 43.64808840899977]
af46d529c8401ad6a421df91a543fe6f$[0, 0.0, -5.219779370601126e-05]
065735fff2f2fce171718faa834045e6$[0.002228355545072555, 0.002490942300644749, 26.331018120000042]
a68abe7c7ee1e4b5f851543c09efea8e$[0.0022283531052449865, 0.002490989111936007, 26.33124274999998]
945563b30801ed4fd9ae5434aa0e0ced$[0.000729877854795197, 0.0023010516381424596, 16.378701594000034]
01b63125fdd7f892917aeb0b61cd772d$[0.00029340481960833914, 0.0009420495381041815, 16.30623365800009]
bdaca69f4c0a5d59c1dace7f70177c43$[0.002231664320202139, 0.0024675109340114845, 26.20682800000013]
8f03447dd386bfbe2a6e7c31733b01de$[0, 0.0, -7.137541695738358e-05]
f75b763cb3508d7279ede85726993a7d$[0.0, 0.0, 9.624228176189074e-09]
26008b8c3886b74d7ded29032fe0bc27$[0.005166945832484089, 0.006039895219147277, 23.175119299999974]
1e6b5e0ffe22175ffc952303a7501fdd$[0.002231663695217645, 0.002467498606697665, 26.206774147999745]
5724276f2c858747d67f05c7aa46eeae$[0, 0.0, -3.555027649561992e-05]
0c86f7b835a120ac9dfbf803999be7bf$[0.0007936643012860849, 0.0013664520321583684, 19.70733831199989]
3351ce567f4e72054e69501473946ac2$[0.002223407809071623, 0.0025222436609211476, 26.495961713000007]
2047e4d8b07c362323485cae23c8ca7f$[0.0022258826471471204, 0.002507057070870954, 26.416075508999814]
42483e1e4f226d6e2dcf93da56b9103f$[0.006342981967929844, 0.009628608584321645, 29.308533697999962]
b49e90175426a462b026c8fb3499484e$[0.005327422926376458, 0.006349224703291633, 22.96801370400007]
12a2ab78a995427ecc335590bcabd63e$[3.903273006565533e-06, 0.0004275706437709405, 11.41119328299994]
6a82baf15a02f6866d5c621883dd21f8$[0.0015474777983258373, 0.0017610142289826993, 23.468969182999857]
fd4fb1ea2573105d8751e7d59fec41fd$[0.006344132878787283, 0.009630345516531726, 29.308524937000154]
978dbd9993ba9d10ab615b5bb0d79188$[0.00020945984934709068, 0.043965759496594765, 44.04480180299985]
f76d41701ca704d5623a4e90c8241198$[0.0022283531032331674, 0.002490989132623095, 26.33124285399996]
5cc499989866549375851dc6b02696c5$[0.00297711774270187, 0.004163667496251781, 21.401804702000053]
3762284bf13e54387f633c258a5310c7$[0, 0.0, -0.00010716922215615433]
497bb4ac580be4a5837e939ac655a017$[0, 0.0, -0.00015617888000287884]
7d851052c35c9552d230953b8436c2c5$[0, 0.0, -0.00010716922215615433]
8af0522b6f34aedd0a4eb26bd21d606a$[0, 0.0, -3.5548260990759744e-05]
b21f1651ebe5b4641276004557a779b9$[0, 0.0, -3.554816661237993e-05]
45c68da1abf840f6d3c799dd5a430e6c$[0, 0.0, -3.554999691284003e-05]
107bfc57d232dc9a6292cbdad5143f62$[3.903271574491755e-06, 0.0004275704909085598, 11.41119317599992]
5c0a1311a8c8bd10772c2253d170e2d6$[0, 0.0, -6.206904791100037e-05]
84bed3788824d9d04ded9f2b0d0e63bf$[0, 0.0, -3.554687108442994e-05]
fb3bcf2bf6e2e03b702c33b5864351fe$[0.002969016034814966, 0.0041582592345309755, 21.388946403000077]
cdd7b254a4f30e1473acc7e9fddc3b66$[5.201835766085174e-07, 0.00011409387728736983, 5.6990741854000175]
6822e1e34a713bfc3a15d0c4a2ae8e9a$[0, 0.0, -7.137541695738358e-05]
a033aaa00052a3d658d70cf86cb73d4e$[0.0019523979074279566, 0.002015157364420199, 24.60677146100018]
988b128b297fe6adaec09a74eb70cf4e$[0.001844388268928347, 0.0019589898507875922, 24.261359282000253]
3747583944efd7701fa803a13deacaf0$[0.0022283595971136143, 0.0024909817931414034, 26.331176657999947]
0336c47c7b7490e6679f0d145d9809b1$[0.00223945502718663, 0.0023976427202105025, 25.833034605000144]
a527d924a8704ac7463b176372f4361b$[0.002228359347899036, 0.002490982592980966, 26.33118154800013]
c019820fa60041ed709f6253f3a835b8$[0, 0.0, -7.137546558483768e-05]
107ac9b1929021feea7ef5c67e65de47$[0.00014150791408823994, 0.0203828599953325, 41.32188060699995]
d670dd1f669fda421f95f023614701e7$[0.006342984794698272, 0.009628595673416422, 29.308518838000097]
59e545d5d17e68583412fb6ba1b5cc70$[0.0063429848627466045, 0.009628595724621162, 29.30851879299995]
33f6bd587439fbe4fee0b6e8ff855aeb$[0.002225882527218072, 0.0025070588430039244, 26.416084036999834]
1cbf657590253b9db193f892f406bc0d$[3.90327301818163e-06, 0.000427570644930977, 11.411193285999959]
d46cece9cf21222bba7a8f7ca6bea8a5$[0.002223406950763349, 0.002522242909557389, 26.49596269400027]
237e017dcdaf4a05b50849e0abaf3984$[0.0021976008238127685, 0.0023670364079206364, 25.903804511000104]
be77e45de06314d6f34e7586bacfd03a$[0, 0.0, -3.554992927341018e-05]
ba1f6dd91168848319aff3ed39ddd853$[0.002977129310087058, 0.004163675445300384, 21.401822544000055]
3e4cd955b742d9b30e456bb4b174d695$[0.001547477157353845, 0.0017610138108091276, 23.468967221999907]
662a893af7ad8019c9e9f31151fae1ae$[0, 0.0, -3.555001663498004e-05]
008d6a5fe0bf8443612b83b23742e891$[0, 0.0, -0.00010716922215615433]
ea6018fab31e142570f2cddbd7de57da$[0.002197600815943301, 0.00236703642024252, 25.903804614000094]
54f1aa701bc4329e14c8c6c2208d4bf9$[0.001952397930208716, 0.0020151574077009534, 24.606771341000076]
dcd02a6143549a15efcf6b5bad347a4e$[0.0051675458863250055, 0.006040566296379345, 23.17517357900026]
b49e7fcb65f5ab2dab32f927009406e1$[0.0022258826581791715, 0.002507057513134621, 26.416077430999955]
aa12e1bffe59a4396bc342bcdece26dc$[0, 0.0, -7.137541695738358e-05]
09d791e444fe050dde801b23ecc5909b$[0.011190878359308267, 0.015525122518753187, 28.52495157299998]
b4296b31396f89349b8fec682539db34$[0.002239454957330369, 0.0023976441791667643, 25.833042149000008]
54f6f0342ffe29e3f655200beb4d092a$[0.0022283599895139465, 0.0024909823118427423, 26.33117702099994]
7678b1f652050551eb91e288090de14a$[0.005327487177871999, 0.006349616825716348, 22.967487215999668]
bff630d81d770706fbb9c8145dbb6fdc$[0, 0.0, -3.5550275595619944e-05]
e1b6ae55cf7fef72bc701aed7a3cbc85$[0.0007936643012860849, 0.0013664520321583684, 19.70733831199989]
ac8418002b84d84978c7bb56aa4f3a57$[0.000317893387376048, 0.0016751000737808093, 14.769895942999927]
e84f08bbebab2d93f352b58992c5147c$[0.00014149941319571658, 0.02038299838666146, 41.3224608499998]
17de38c922d3ab3bc7efb1b46dc20b65$[0.005166998803251441, 0.006039967115117453, 23.175101460000075]
228022d9cf05c193e6432a08487e2858$[0.00020946227995247079, 0.043966404677881314, 44.044820087999845]
4fb258ddc41a009e3a3d8587999688f6$[0.0001291747594515415, 0.021569890899483225, 42.514174037000096]
c30eef57103b60df92fbdeb88f5f84ee$[0.002197600820236939, 0.002367036445059494, 25.90380471399996]
7f4478513dbad9c20710386845004083$[0.0018443882512563115, 0.001958989845036107, 24.26135920300021]
c0ad83bfe4f6d8e3928caa6b5f5a4d9a$[0, 0.0, -5.667302895369999e-05]
8eb3016932bdd9f43126169a6e7d319b$[0.0022258826565842126, 0.0025070575189419767, 26.416077464999933]
a5109e7636d49c2b93375a5055c07307$[3.903271586107233e-06, 0.0004275704920685287, 11.411193178999937]
9fa6f348a25c78b8041fde24e30d0fc6$[0.0001291754610391076, 0.021570022444982715, 42.514179031999895]
da1f60e66caf35b2bf8b8090187a8c8c$[0.005004651577953331, 0.009978170551854414, 18.70656610699998]
1621d297c16dae9df05f77da0ade9773$[0.006342984794698257, 0.0096285956734164, 29.308518838000097]
ddcd94fb1fdf75a26c1c7cab1939f9f5$[0.013004574579952018, 0.02802233471077253, 31.766680414999886]
08d0549274ce48255b4e3f206755e359$[0.002969015939834893, 0.004158259170232665, 21.38894625400007]
456b61c8cfed0d50922533b97690c884$[0.00029341449115401566, 0.0009420587040948672, 16.306325022000046]
657926b3cff5bc3df1c833642eb693ef$[0.004944999918358113, 0.006126655915930411, 22.56475650599999]
d3ff77a58988bad9cb06f2dbe8c9003f$[0.0022283531026106255, 0.00249098910943223, 26.331242751999955]
ec0f8964d65cd170165873a4130caac7$[0.004772137667139036, 0.005532711340252051, 23.26428628699999]
337d8597f7eccb8816b9b5393c28e9f3$[9.163591220626877e-06, 0.0011262418262599026, 10.170541315999968]
1b00f7fb3de3e88e71c59fb2d54862cc$[0, 0.0, -6.206914076224029e-05]
61befcfef6842384d7f0d4133eb43c2f$[0.0001229642511590121, 0.017065211571716365, 40.99306133399986]
d1bcb21b571fd1ccc73699fd420c0f1e$[0.012554757198604402, 0.020679965780639954, 29.960889129999764]
7da0f6791c95d5d23e040b4e36977f96$[0.005327010093006903, 0.006348971162259806, 22.967615772000052]
61c3d4f9ce265319decbc1ee022ebddb$[0.0046771141685636435, 0.005180872012460862, 23.772295702000005]
3afa59c24c86f01607ff990e7c5af4bb$[0, 0.0, -3.5549987352890014e-05]
1ffe66a3e9baf46f298dbac46400cf9b$[0.005777094933408103, 0.00849238359867573, 20.962977014000018]
ddcd94fb1fdf75a26c1c7cab1939f9f5$[0.013004574579952018, 0.02802233471077253, 31.766680414999886]
0108df9cc573db3c23003af3fca8741e$[0, 0.0, -0.0010817871338399986]
0108df9cc573db3c23003af3fca8741e$[0, 0.0, -0.00020613042748999849]
c6af4a3f166c4aed522626a5f74826a1$[0.0009037971133527138, 0.0046494648983561385, 14.828122977999938]
6274ba859a610013fb80277eee421bdd$[0.009644293464942225, 0.022770849370811624, 32.278575319999945]
7ab2c4801c191d8ccbe2c44101f82a05$[0.0005997509206593368, 0.0010576302732612478, 19.53371834822018]
034891c9677416c8e716adae32117f1d$[0.001880667689589926, 0.003894596135880453, 18.470853309000002]
95faa9fb4f1e7964226c5cdae023b2b8$[0.00017476449460372318, 0.000743016409564268, 15.34355389219988]
09fa8f1b5a70fd8658da8af88081ea25$[0.0, 0.0, 7.209754467991699e-09]
09fa8f1b5a70fd8658da8af88081ea25$[0.0, 0.0, 8.143473505993704e-09]
09ebe1124e1e33e789cf989ac48020a5$[0.00015531857781584608, 0.04407718735910978, 45.595267441000146]
233369e97ba893926f803c8e1a5a23fa$[0.001195182242667572, 0.0015211788743088811, 22.29412552600019]
013dd40b04b686fa81bd145c5d4bd703$[0.003488134799262627, 0.008596699164656848, 17.496878850219854]
cfca770be7d932635cf42028a861d70b$[0.0009094440486705758, 0.0012208261719940528, 21.779564071940072]
cfca770be7d932635cf42028a861d70b$[0.000908991860314738, 0.001220544979728023, 21.77705322370007]
29f3699e7b5d1f5e5b812d865b1f957f$[0.0, 0.0, 0.002499960819127994]
c78f0fd47b18150dbedf1e90125f42cb$[0.0009037976843167114, 0.0046494672616167335, 14.828123280999943]
06d27d062d75200c724cfa640991264b$[0.0, 0.0, 1.8443583330620956e-08]
25b07bb46063ad8b1b6f29875a402b5a$[0.0011224759147431518, 0.0023983498996168395, 31.71691816678003]
25b07bb46063ad8b1b6f29875a402b5a$[0.0010908762231767106, 0.0025419222595194015, 32.207650929940016]
25b07bb46063ad8b1b6f29875a402b5a$[0.0011522659378084812, 0.0023485609727521392, 31.43148526477995]
25b07bb46063ad8b1b6f29875a402b5a$[0.0011019355228409596, 0.00247248931826416, 31.999007856819986]
df72a53b8dea899c663877282bee6da9$[0.004519353443019019, 0.00696573451868157, 20.56562917199999]
882ccf82d5eb0e06830dae52965735aa$[0.0005997471233653991, 0.0010576268613067073, 19.533696113439852]
6249f3d6839756a8770d7f1ec816691b$[0.004836658019344282, 0.004924941101196967, 25.22633476299989]
39a71658824d41b6e5089c99c36aae9f$[0.00013930572700633748, 0.03201703568150753, 44.56126543099999]
3cd7d04ebe5c86740d3249fb0100729b$[0.0030242248742415523, 0.0054158775568741, 19.42423973499996]
c11fd7b7c5b12bb4e7f4173667ac1c97$[0.010585066979492928, 0.020028117448642784, 30.953152388000316]
ba6d5cee2ebecef1cc8794c2326890bc$[1.8746693993021768e-05, 0.0005009256730563364, 12.846263927]
c1601af858828fff845b014e5421bc14$[0.004419425773504507, 0.006900771849976232, 20.45990971599992]
1749dc8739b0ec24a1b0e181bad92ee0$[0.01630124912616478, 0.0214564403786661, 28.033625219000093]
86433c16e011289e6c72308264cfc413$[0.0, 0.0, 9.850465847990341e-09]
878f9e20f60a92e74d086d6b178b13a1$[0.00015073393633759248, 0.03116107789501413, 43.95343700699975]
8adb4ef2ec51a59776b92baf559a0b26$[0.004736587160865757, 0.005568642213080349, 23.113409839099944]
aea3f6f41beba77b7b5951c2c7a41172$[0.0021230402335186637, 0.0037484938895733944, 19.52489310299996]
13e438fde767b6c6aec9fd8876e87781$[0.004519253640454138, 0.006965568422788801, 20.565643600999987]
a985a390d60d2a1fd84e659505c3da09$[0.00012080981546257724, 0.017551311054048814, 41.395955045000164]
7b9f34667b54783a56509da562b61732$[0.004402820985886763, 0.0072001859977857225, 20.094534319999983]
8ea1fdfcbe2fcc5561f5191b35493d80$[0.004241017281065571, 0.007465757480573511, 19.546244401000017]
2641d30c3612aa0d7ccc6dadc7ad284b$[0.0, 0.0, 9.171530451788245e-09]
21783f10fc3ebd9c1d5a7841fb35b3b5$[0.0, 0.0, 3.052584437283931e-06]
cf5fdd499888fbda3848b6b88907b1fc$[0.0, 0.0, 1.9420871639979136e-08]
498d2c9c97fde39b1482d2406a7fe7a4$[3.2891546480120063e-06, 0.00037108205318987417, 11.079606989000021]
93874fb85b6d312511e7ee0cfa697fe5$[0.0001553185420372508, 0.04407722172585359, 45.59527189000015]
c55c8cc97963057517acc022bec49d3e$[0.003770164437816674, 0.007655932679374991, 18.59154104699999]
e46755069b541103e19a0cb9df159da5$[0.0, 0.0, 2.7529279161965872e-08]
7288cda3ce2449b31417e06557a00871$[0.0021398825783182957, 0.0037609371636906615, 19.557776416999918]
ac998def36792c9711b452cc621f12d6$[0.0003775758593114722, 0.0008526004134243012, 17.965303934039905]
1fd442f839a0c394e43c9bb42b5f7f0f$[4.570749013302308e-05, 0.0005033139508304444, 13.52036717300013]
cae1bafc03beb834d510a3142a8c3177$[0.0, 0.0, 2.7509403281966857e-08]
53e83eb5df23ae5f4839799c92c65480$[0.0011735168305797915, 0.001508142105509178, 22.198495694000066]
54c71d22a0bfb086f24f0bc1d7ee3e82$[0.0005636690592330062, 0.0010304099369973048, 19.280729746999917]
53a7e35383d94566e73218ef2f923513$[0.001195184044689377, 0.0015211800193409453, 22.294133015999993]
1698f1d0c5130921af06bfd6420ad2b2$[0.00015531854203725085, 0.04407722172585361, 45.59527189000015]
0d6cc6a8befced86bf3bda3fcc5e7422$[0.0042410172810655716, 0.007465757480573512, 19.546244401000017]
33dc0629320097c0828853c41c313d07$[0.0, 0.0, 9.14633030399528e-09]
9ffcc5f312b72b1bc5d189ea906771de$[0.00011616750489418263, 0.000648182832847777, 14.636619620999948]
495c004160d0ec3eb8e2b1fbc477cecf$[0.0001161923713124841, 0.0006482319380789512, 14.636932549999988]
ef0804bc529479f1b758f0fa5921913b$[0.0, 0.0, 1.0109395122988645e-08]
bf68f075669c5980fe102bd4a02b13b3$[1.8746403003213086e-05, 0.0005009194813619036, 12.846262432999978]
2b541f34cc226ea9d882e711780ba25a$[0.0, 0.0, 9.057526959989819e-09]
475a9ffb8b00d4f784369b2a730e38da$[0.00031723203426157, 0.0008669492015541231, 16.99391001000004]
0e7a4bb78d77ec8bda9281afbe0fc71f$[0.0, 0.0, 9.844398585783634e-09]
4db80ad3221bd0f6547f7232235bce70$[0.003024231731172325, 0.005415887353033423, 19.424242968000055]
5d4fb2a3d715257e4272ac627f97600b$[0.00025285182836456505, 0.0026589882002654667, 13.574409716000098]
667f7565592595d9732ba9468633df35$[0.0011951874625028283, 0.001521171447002188, 22.294217289999843]
0e1d4e41a43fbebb88a40973a5d4500a$[0.001223377977369601, 0.0015380180421416792, 22.416982127839965]
8cd093cff5be76488e9b459a759eb06d$[0.00043564391061542415, 0.0009810911173646528, 17.980305744000148]
13888b122b1222e8eb1de70e58117464$[0.00025286582157884826, 0.0026591276257328066, 13.57441320500002]
11ff1009e476d8ca31a6b0e8e24b68d1$[0.0011951874273512207, 0.0015211714261835682, 22.29421713399985]
fa02ca4ced981e3446b03663bcd3745e$[3.2892402263697466e-06, 0.0003710916353162111, 11.079609163000098]
7340555d0592e8c3639dbe40a77a99c3$[0.00011619237131248414, 0.0006482319380789514, 14.636932549999988]
f683c93d303851769b7894f0176010ac$[0.0012233779782016285, 0.0015380180425659487, 22.416982131899967]
d191a13f6aeb830a2ea9e8c3be223d5b$[0.0003172343976905523, 0.0008669612425842993, 16.993880261999973]
36da85ce12ba4bdf6a4da99c80fcbb3f$[4.570703596745993e-05, 0.0005033108837325401, 13.520362766999995]
75e31ba9621f600013c793bc6fc2e263$[0.01630154510586885, 0.02145680482784366, 28.033613982999963]
b9695573ff4c6ad103e7dc1369328301$[0.0, 0.0, 9.057526959989819e-09]
2b9afdd30b38d23b58d8a50a28184bef$[0.004113615699352269, 0.006687529040399324, 20.14037163427994]
c2ecd34de31d4193a85eeba762760fe9$[0.016301538189563924, 0.021456826634626683, 28.033627802000087]
5145635bee4f19c432b2193fa8eb1e81$[0.00037757585031857353, 0.000852600405471428, 17.96530385301991]
e811547c789238659099fe7d72ab297c$[0.0, 0.0, 1.0061039633788594e-08]
4429d5a76a46c45593348f9a6213f773$[0.0011088389745017519, 0.0014593874915914734, 21.967140210859956]
09aab70463deb63ff35c1190c2446b34$[0.0012233779431253344, 0.0015380180207318233, 22.416981986519982]
42234f042307d5df21280cc67555a1f7$[0.0006980063804579099, 0.037495657405334004, 37.391216423999886]
d48795756e1413516e0ec26a02b8220e$[0.00023710107338756326, 0.02592320034718996, 38.56713917398008]
becd0600f2cfc6531fa1a9e1587cba15$[4.5707030117504446e-05, 0.0005033106340780704, 13.52036318899998]
7bea60f59cd2462ef63d6e7f6332950c$[1.8746023250563994e-05, 0.0005009115326487985, 12.846260358999917]
fe87ddcaf456633ca5d1485a45ab80ed$[0.0, 0.0, 1.013628379738417e-08]
a4c77bf0e3322f06c3bebe4af14e6e35$[0.0021230371406039724, 0.003748478326162397, 19.5249123759999]
294980e1f93c25f7d3970eff6986ceac$[0.016301538189563872, 0.021456826634626617, 28.033627802000087]
ce97cb44fc8ffef2644456a0e279d0da$[0.001195215883906845, 0.0015212219838726653, 22.294123619320093]
3bbb7a64a93a99ea9ddb1cdab1725007$[0.003768809212940683, 0.007654973210054965, 18.59008504799991]
983ddd070a6ffe064869c4097e928b12$[3.2891543176869217e-06, 0.00037108202818083555, 11.079606622999984]
e3c72492176d671d8a7c3e6a9c91f051$[0.004519370220524194, 0.006965833982076299, 20.565542612919987]
ff8929c7eae675af8a81c4bba63ee737$[0.0010361991048279588, 0.0029176961551552576, 16.857865033000046]
fcc2d6e2a0b0aede806e3621f83bc453$[0.004519248673849658, 0.006965565929876913, 20.565637529999794]
b08f916119b40dc7944eff6afc876ed9$[0.002139882578318297, 0.003760937163690664, 19.557776416999918]
bf8fa2950ddfcd2fa4572e9edc52a92c$[0.0, 0.0, 9.750992375989875e-09]
4d613d3e0a014572e2052087e0a20987$[1.8746945630309896e-05, 0.0005009260469856409, 12.846269916999882]
5ef38d71a4ac92e391789b3b51bc7c62$[0.0021399025781939237, 0.003760986968713526, 19.557748425000074]
cb0b07bb366c5c63eb83cca20ed00a5a$[0.0021398825783182957, 0.0037609371636906615, 19.557776416999918]
886ab25dbd06ceaf9622a29510a80c54$[0.003768745223199643, 0.007654807824212852, 18.59011380700004]
9d77a92564d221a64a45a903821b3aba$[0.012113431592806164, 0.013352020040903642, 26.17126419699977]
169d0c4c3f199f3cd9a106fb8f414e52$[0.004765240377914105, 0.012334615107774031, 32.74834986099982]
6a86c00c8c972f57cd60aa929e874c89$[0.0, 0.0, 2.7529279161965872e-08]
2ac0d0fa1426c40669e6f407b82efcf6$[0.0, 0.0, 1.0236140854383894e-08]
7e8f150e3617ae1cd1262569870fdb9b$[0.0, 0.0, 9.844398585783634e-09]
4dcf74930ef4596a0441e668a044c50a$[0.00031722941190938603, 0.0008669466447024598, 16.99388544400003]
76d3d19071c563c108addb2d5301abad$[0.0005636658228563013, 0.0010304081082432072, 19.28070234800004]
905b83d7c991b60467e93ccaec4588ae$[0.0005997563960783613, 0.0010576347165808795, 19.53375363450001]
6062a4077e4de17f413232d5368c6703$[0.0002371071555802296, 0.02592384107311544, 38.567128473000295]
657e5bd2c792bea95faed987f7ca061f$[0.0009037963165614089, 0.004649472377653161, 14.82811686599993]
87f74cbf92717b3b63044d1cb318bd44$[0.0011951875308222045, 0.0015211714881078638, 22.294217588999896]
02d1cdca8c99ec2dfc00a1e2218c504d$[0.0017902669451282905, 0.00399131149612594, 18.037134140000052]
06b12cc6911f03ccd7d468ea28cf0c39$[0.004419361368803521, 0.006900771352828393, 20.45979245800012]
c24c6c1b3b01b04605d7437322ce386c$[0.00012080979925893138, 0.01755126098910717, 41.39593165599971]
7cf66f5a7ca712bc9aeaed8118cb2e05$[0.010585058689893744, 0.020028163666104472, 30.953173013000193]
1a5add28e56f4ae5b7dbddbe7d36ff8b$[0.004765240176343867, 0.012334615402777943, 32.748350183999925]
923e4101c23031fe806d85ba54508904$[0.01630153818956397, 0.021456826634626742, 28.033627802000087]
d1e23986152e2c70e6037f3adeb0900e$[0.0, 0.0, 2.0536431167974218e-08]
f837a31a2db022973a01f1c3f3ddfc31$[0.004240992406891195, 0.007465677679628245, 19.54627900000007]
ee40debec8d7e8b6d9f01dbe7e7e7028$[0.0, 0.0, 1.0887786825992407e-08]
94d3c8efb10bef810e4f1b04e3d5d8c5$[0.0009037971133527146, 0.004649464898356143, 14.828122977999938]
bf3a7bca10c3be67a2b67c2fa46369d1$[0.009645375931362169, 0.022771404346647012, 32.27810544700005]
6d4fef742d1426b944d023670086a4cd$[0.004736596161832717, 0.0055686469775563146, 23.113421058999794]
d209e7b114275c5585e00aed99c5c53e$[0.00031723466574450044, 0.0008669561321881334, 16.993911399999977]
0a77c596a8bc8319e483fd2ef8b8dade$[0.004876699936097464, 0.005964414394043508, 22.697381921999725]
5446b0a1c6b42b6cb39c6b835c8ac3e6$[3.289155129891139e-06, 0.0003710820892686, 11.079607535000001]
2ab3891afc4a6f06dc1b702e1c40b895$[0.0011735470416236826, 0.001508168683755231, 22.198575478000112]
ccd4b5a68708071a4964dc20d73b691c$[0, 0.0, 0]
b024facb8421c41f0972469b6449ddb5$[0.0012095489429404876, 0.0015297680151841841, 22.35700441899991]
1f1c4968bcc7e6e2f6cabe927e35e63e$[4.570703596745993e-05, 0.0005033108837325401, 13.520362766999995]
9800acdd95f1d07bf0f9f66bd15aa902$[0.0002528636474750777, 0.002659125665189179, 13.574403767000094]
b64ffc47dcbae6f03163b2c0fc6f0434$[1.8746867414509106e-05, 0.0005009259287905258, 12.846268056999929]
923e4101c23031fe806d85ba54508904$[0.01630153818956397, 0.021456826634626742, 28.033627802000087]
e434dbaa9184ebc179d35e17d6c1f520$[0.0, 0.0, 1.861417602737693e-08]
f5af5c9e2d23e6acceaf0b13a03bea8b$[0, 0.0, 0]
a06fc2d7f4337938b07c51c212d8b2f6$[7.052122394033655e-09, 4.5083912278397934e-05, 0.19552768486700067]
a06fc2d7f4337938b07c51c212d8b2f6$[5.848747252280026e-08, 6.20410559007096e-05, 1.1784025850640656]
cf5c304d23e00a4913419b4337ac6a27$[1.3695162686580846e-06, 0.00021019432661055346, 8.144346060273993]
34e2a7a18666926c0e8e5f2b269e720d$[0, 0.0, -3.555003520196005e-05]
3389e50a3a39a691db96b2b68cfdbd9b$[0.00014502139531598625, 0.03127633263966542, 44.20402813100014]
13a9e729de37b50c609161eb2f16d021$[0.004471549986888317, 0.00672301605941465, 20.771599877999897]
65ce42312c3bfc968214c996364d14dc$[0.000475107269043286, 0.9878980383723016, 49.39884070699987]
de85d1fc2b22815337dd2f7949e24ce4$[0.0, 0.0, 9.67897533398691e-09]
8ecad672123a43cb3321877c07eaf424$[0.003974372967800462, 0.007820132473722707, 18.79069732100013]
84d34386f5dde6956d719ea3bb0d616d$[0.003974525565821746, 0.007820302995643902, 18.790803776000022]
7dc00ed1d0172be8b519a8de933ac4b3$[0.005255098396234654, 0.007318440548320687, 21.440184254000094]
0d3242214810bb8066f456eb9f3dd73d$[0.0, 0.0, 9.10364756274745e-09]
e7eb43d95cf1136be6b6f11368d85de8$[0.0, 0.0, 0.21611213202519966]
e7eb43d95cf1136be6b6f11368d85de8$[0.0, 0.0, 0.21433412707119992]
a7f655ae491a801813598525bbfaa626$[0, 0.0, 0.0]
956561c9200c14acfa243421e0f00e2a$[0, 0.0, 0]
8a7fc1736c7891fad61c3102514d8854$[0.009239261051414444, 0.023229018645098787, 32.604210756999855]
3bb32f0fed8c299a4668c55ca84286b2$[0, 0.0, -7.13781478297343e-05]
96f9dac4ad49d5680d50a270672b19c8$[0.0, 0.0, 7.946996843990266e-09]
96f9dac4ad49d5680d50a270672b19c8$[0.0, 0.0, 7.946996843990266e-09]
0317083d07c184acfcfcb070892928eb$[0.0, 0.0, 8.547384397996016e-09]
0317083d07c184acfcfcb070892928eb$[0.0, 0.0, 8.539083291996541e-09]
16e037e3f6add93c38f7f013b3cbcbeb$[0, 0.0, -3.554999691284003e-05]
4e7159f2c8b7a9a8d20fd50531e7c1ac$[0, 0.0, 0]
ebc4d058c6ca771734c1d9e97d8f5b51$[0.0008459675132198072, 0.0035452294868944536, 34.61336655431997]
ebc4d058c6ca771734c1d9e97d8f5b51$[0.0007017385761938966, 0.003511626119148607, 35.10311942781987]
14b0a3ba7e0af092460bbdfb4eeb86aa$[0.00014318774581752598, 0.03173247053333637, 44.35957304099988]
ebbc33c294547df9a7cfc5f01f4a6469$[0.0, 0.0, 0.002500000152175997]
e0e4f2f583a34047c67348a085000021$[0.0002820315162747707, 0.00412481823154546, 36.76295088899994]
e0e4f2f583a34047c67348a085000021$[0.00028210320973022426, 0.00412476733571076, 36.762720776779936]
e0e4f2f583a34047c67348a085000021$[0.00028608715586283113, 0.004121846689902201, 36.74990505266002]
26e7421c1eda9a660849ec8e5e3ebc49$[0.0019776494748384543, 0.0037454250799106633, 19.040623272999916]
eb2568a19d8ce3d5395230eb1d44b37d$[0.004938401877333566, 0.005625879486815618, 23.45708162299992]
aa1ee5182dc778d18c32bf76d9f238bf$[0.0001281636084522462, 0.0006637644574080661, 14.811691623000085]
5424593392d9da2c7d0b331a3f92befc$[0.0, 0.0, 1.834195866997729e-08]
5e9c13d09be61a7f8d742c05b08e0d6d$[0.00014318643021956945, 0.031732184839981685, 44.35957408300017]
ef6598c27bbcfa900c7437f978ea478a$[0.0, 0.0, 9.103647562281903e-09]
03d83f3c3cbf7ca836416c141b9129d4$[0.0005878061185925755, 0.0010486896495053523, 19.45094503967997]
60f9a0aeeae58c22382575bcdc1b081c$[0.0, 0.0, 1.834195866997729e-08]
27ed61280a7848c7c06355a62d4e16df$[0.0001281655446993939, 0.0006637669351593498, 14.811719353999855]
5bd22bd88c36bf64eb952a1ab2672e90$[0.009239384513444061, 0.023229293451189133, 32.6042030609599]
3b60d634256cab6e27aa814025fd001c$[0.0012165905738014252, 0.0015339804353067278, 22.387549636200045]
7264e6a6c40731c628f88c1565aaab99$[0.0, 0.0, 9.698827449989685e-09]
58d86f1471da2b1f824ee72df2bb8a23$[0.00012816463369415412, 0.0006637688392988868, 14.811695031000138]
5065862bc8531b97351d74a3ab18ca4c$[0.004934748782928081, 0.00567889573488115, 23.345489108000162]
565d7ba3dfacfd12a68b880cd9bc0602$[0.0001281654959234475, 0.0006637702118838681, 14.81170639099988]
2df987e91f3bc3c1ce5c9a9c7203b75a$[0.0, 0.0, 9.338042933582751e-09]
b8cdd850a32a04e301bfa4758b73bd0d$[0.0049347490869125375, 0.005678895864211336, 23.34548953400003]
84b876096557bee75e8b8cb17c188202$[0.004934730560568226, 0.0056788853307508215, 23.345468693999972]
5bae8bb27d079ef12716a17da5c172c8$[0.0011519505845690343, 0.0014950870384500073, 22.102154675999827]
0600244f4c3ed36b6f3958deaedf7980$[0.0005877936405128729, 0.0010486766400271588, 19.45088259838005]
ad71f9b1c0a8e0407e702769ab368839$[0.00012816549592344756, 0.0006637702118838685, 14.81170639099988]
b1cdb500d5aa6f4cb7545c05211c977e$[0.0012165905918856818, 0.0015339804462338614, 22.38754971372014]
2b6ea5420233939f2d8dc4668be19109$[0.0, 0.0, 9.668040791850013e-09]
d7380b7173e97062c3c22b2d6911f68e$[0.003974418960553806, 0.007820159116199668, 18.79074971799986]
b3e5163089b47aa33a14849b329d3af8$[0.009239268756596163, 0.02322900277163656, 32.60420313699996]
8689e048f75f45d4a8ad10e297f9d39e$[0.0, 0.0, 9.338705858382807e-09]
e999de925549f143a6b45380fb2035ed$[0.0, 0.0, 9.683071498190821e-09]
bfe970f52ac281035344ed1492aa0805$[0.0018899982454956643, 0.004074605847562948, 18.230405504000046]
60b9602541f68ec78ece52d1760511a5$[0.0018899991334920168, 0.004074624099659622, 18.230382021000043]
d468d90f0c3b06edfdc9428f1473c127$[0.003974418960553813, 0.007820159116199682, 18.79074971799986]
1cf90805bbcbec249600c5171c8a67b0$[0.000587806117298343, 0.0010486896482424849, 19.450945032619973]
6e8e6dfcdf99b909fe13a56e577d1dd7$[0.0011519496556259155, 0.0014950864129496231, 22.102150900999952]
2f807d7201e038ebd4db45318db3f866$[0.0, 0.0, 1.834195866997729e-08]
5afbb1d47c13665ce522b39cf5838fbf$[0.00014318642575398036, 0.03173218511053187, 44.35957430700002]
025e47651837bc70b9ce88422e4443b9$[0.0012165918661892596, 0.0015339811738829942, 22.38755545248012]
7f783be533ec9c45cf29c8bc5927bb1e$[0.00012816384905729532, 0.0006637647418783264, 14.811695155000073]
4d6255ff3c554f1cf737c900c5fa9178$[0.00923926875659617, 0.023229002771636576, 32.60420313699996]
7ed8bff3e9ecf6a945dd7a33adf6b081$[0.0005422942944924467, 0.9860882183899989, 49.31256873829978]
5ff956898a2438f6a58ed2d200fc97e1$[0.004091100116326631, 0.8841333227415356, 44.2159457019999]
64fd5413b7741247cee70d268bc7be76$[0.0, 0.0, 1.1143876661997444e-08]
8a40f48d31e59c300bb7d66150d2ae24$[0.004314957713006233, 0.0068279275411076866, 20.352994472999992]
0a7cd03b989e05bf0bfb69a214747b8c$[0.0009688106874093619, 0.0013802615495780084, 21.23615781723991]
0a7cd03b989e05bf0bfb69a214747b8c$[0.0009686968797850192, 0.0013801877506924446, 21.235590555140025]
80230c0d76f51afb3657a428b9f33455$[0.0, 0.0, 2.4509070000000017e-05]
80230c0d76f51afb3657a428b9f33455$[0.0, 0.0, 2.4509070000000017e-05]
ce841d90b988b74cd1447048286e3c6c$[0.0011950728714484105, 0.003535846175663788, 33.3587398939999]
676640ca70b2aae67fe0495b16157b9a$[0.005339406428806838, 0.006355732154255233, 22.980972890000267]
e7ea82f802db93d1404debfa68965e9d$[0.0, 0.0, 9.06317465786945e-09]
dca5fd753ba51e4d34d4b7c822aa01dc$[0.0, 0.0, 7.932716631990517e-09]
dca5fd753ba51e4d34d4b7c822aa01dc$[0.0, 0.0, 7.932716631990517e-09]
ac73b39b4bdd561c396f3b5818bc98af$[0, 0.0, 0.0]
ac73b39b4bdd561c396f3b5818bc98af$[0, 0.0, 0.0]
493299dba1086b3a4dcbeb8ee6396ec5$[3.731880784016167e-06, 0.017714315967835802, 0.26333791203060003]
4106362c0b9ed137d744c1f78024efb4$[3.125921416670659e-05, 0.005645579094464707, 43.078829106000136]
ea75920155ce7245cfde023aae599ca2$[0, 0.0, -0.02325777964439998]
ea75920155ce7245cfde023aae599ca2$[0, 0.0, -0.025119451518999976]
0f793f572547535909cd3a2f7387a888$[7.431145392859803e-11, 1.9166286227297756e-07, 0.48464953673940747]
0f793f572547535909cd3a2f7387a888$[7.429027111236543e-11, 1.9162637719288662e-07, 0.4846036346916014]
a97b9792df051b441f902e6c1ce6cb6a$[1.3695162686580846e-06, 0.00021019432661055346, 8.144346060273993]
e8db66c8f3d95109becf54d8cb214548$[0.0, 0.0, 0.00017431616012600007]
a1548a385d362bec623fd341156b5ec5$[0.0, 0.0, 1.0399319403992341e-08]
f384c60b46142284ce04711fef7dfe53$[0.0, 0.0, 0.16393220000001055]
f384c60b46142284ce04711fef7dfe53$[0.0, 0.0, 0.16393220000001055]
f384c60b46142284ce04711fef7dfe53$[0.0, 0.0, 0.16393220000001055]
f384c60b46142284ce04711fef7dfe53$[0.0, 0.0, 0.16393220000001055]
f384c60b46142284ce04711fef7dfe53$[0.0, 0.0, 0.16393220000001055]
f384c60b46142284ce04711fef7dfe53$[0.0, 0.0, 0.16393220000001055]
f384c60b46142284ce04711fef7dfe53$[0.0, 0.0, 0.16393220000001055]
f384c60b46142284ce04711fef7dfe53$[0.0, 0.0, 0.16393220000001055]
3c124bbddb1c11d3117dd55ade201012$[0.0, 0.0, 9.663839877601119e-09]
91acf09f8be46115823cd2af471624ad$[0.0011519505217945077, 0.001495086995704543, 22.102154423999814]
446f2c3c4f41117341728f81d5450400$[0.009239383964126498, 0.023229294045370035, 32.60420348799998]
600699943027f087b067e5041e41d4fe$[0.004314957713006243, 0.006827927541107702, 20.352994472999992]
e73dde64c749f421cb9716eaf95843a3$[0.009239210193739182, 0.023229440615737826, 32.60432962774008]
e720c3585240cacd664d1d33df2b6d4e$[0.004098932392548667, 0.8839967257807793, 44.20397684599972]
67b7fc4a718b1308319818cef4606420$[0, 0.0, 0]
47249430633df27065a187e4476e266f$[0.0, 0.0, 0.0025000951476019983]
6665e77de5ac8e27ecf1f4d4f8615e8f$[0.009239384525435962, 0.023229293434066715, 32.604203050739926]
5f7923ab83627dc19e95b6f7279e88d0$[0.0, 0.0, 0.0024999240000000075]
5f7923ab83627dc19e95b6f7279e88d0$[0.0, 0.0, 0.0024999240000000075]
c22992180400f0740f93338b3fbf68c3$[0.0003216247131687112, 0.000979446571417656, 16.519872767000063]
b233ddc6d2bcac09da264ce1a0e6b281$[0.0, 0.0, 0.0016454503076180006]
5acfc7571ebc08606f986d45269711b7$[0.0, 0.0, 9.823593039987942e-09]
da9359da04a32ab6ec4ed39fffa4ada4$[0.0002873969130363809, 0.004120887403822209, 36.745687996000036]
da9359da04a32ab6ec4ed39fffa4ada4$[0.00028054093466694385, 0.004125959290911638, 36.76775112172004]
da9359da04a32ab6ec4ed39fffa4ada4$[0.00028054093466694385, 0.004125959290911638, 36.76775112172004]
da9359da04a32ab6ec4ed39fffa4ada4$[0.0002871845277294139, 0.0041208769710517805, 36.74633650985996]
32e602b04cbe93d7bb8edec0860c2164$[0.0, 0.0, 1.0969848631995142e-08]
7ee51fee9a73a9991e17c9d7f39cfe27$[0.0049347089507584966, 0.005678872697534068, 23.34544505499974]
ffc768fc266d768a8b3440dfc4550480$[0.00012816549592344748, 0.000663770211883868, 14.81170639099988]
750cf6b964c867210d1662faf1faf234$[0, 0.0, -3.555001576423994e-05]
05e82310291f515aaf3deeb30bedd36f$[0.0012162140554484305, 0.0033991557117197028, 16.89139981000005]
0c0ba5da18310c7ed4ca8eb83c430b6a$[2.3181412405825565e-08, 0.0002662955362611544, 0.1088143117760134]
0c0ba5da18310c7ed4ca8eb83c430b6a$[1.0757030965606083e-08, 0.0002665351922011877, 0.05044845521509186]
66f0027635297f35a25dc679f730400a$[0.0, 0.0, 0.0012499939999999871]
30dc5a43a745702b44442335d37e3a1e$[0.009239210040245112, 0.023229440837253135, 32.604329759060136]
9adb29f226b9f43f28ec7ce8b7a05c2e$[0.0, 0.0, 1.83421068899772e-08]
84f420e2f02058596afb5bf221a61eb6$[0.0012165905928458204, 0.0015339804463966925, 22.387549720560123]
5b00646da022c4ddf42b9ff64439f7b0$[0.0001281654959234475, 0.0006637702118838681, 14.81170639099988]
8e4ce322c5d7a8f8eaf978c1fa0d4c3e$[0.0001431864230810987, 0.03173218586838722, 44.35957454700015]
856af984c7e77861e1311a03f6926ead$[0.0, 0.0, 9.683701651792132e-09]
600699943027f087b067e5041e41d4fe$[0.004314957713006243, 0.006827927541107702, 20.352994472999992]
6e08a7ade22b3e9064c70485ad71e513$[0.0005877936405128729, 0.0010486766400271588, 19.45088259838005]
267a84673921a1f53ed1822aa1ce0873$[0.0012165918439325674, 0.0015339811633566707, 22.38755533800013]
828a7da29d4882b4b2218b25b3b4055c$[0.00014318774805639853, 0.03173247050629475, 44.359572947999965]
59fd47903cfdb1dac54ff963737e26e6$[0.0018899982454956658, 0.0040746058475629515, 18.230405504000046]
d156b82021452066c1b0887c45f8284a$[0.0, 0.0, 9.338705858382807e-09]
8d91032742572a5a75aa4479e5737271$[0.0, 0.0, 9.67101685599522e-09]
a2ac621e7ee94d2a822ad49fa5497088$[0.0005877937012597389, 0.0010486766854590516, 19.45088302317998]
761efdb64f18adceb9d910a46cf25ec0$[0.0001281654959234476, 0.0006637702118838686, 14.81170639099988]
f63eaa6e9988edcfedb93f970fdd981b$[0.0001281649781240411, 0.0006637692558004288, 14.811700052999962]
6f030dc7a5bcaf64967991915cbafcc2$[0.003974375493265179, 0.007820134905662414, 18.790699403000158]
abe1bf81dff00b17ec6f301e27b115cd$[0.00014318774581752587, 0.031732470533336346, 44.35957304099988]
ec5c1832c6ab950d46daa08589d90695$[0.004934748782928076, 0.0056788957348811436, 23.345489108000162]
8a48556a7ae99d70492637a61379c87c$[0.0, 0.0, 1.8342106869977214e-08]
a41049e8aaf76ae26e43391dbc791dcb$[0.004934748782928078, 0.005678895734881147, 23.345489108000162]
2ed3da8168058788004702c1c5e15c57$[0.0005878032068919489, 0.0010486874752315986, 19.450924655999962]
0c44c4560e75319574ae220a0d984dcb$[0.0012165905946062137, 0.0015339804475225922, 22.387549727700137]
4627ec89a058019c82062b4a9b6ec54f$[0.00189000647184092, 0.004074614094301188, 18.23041914199995]
92f89c313ca5d6264d49bf09b0f89a2f$[0.0001281636084522462, 0.0006637644574080662, 14.811691623000085]
48104b5801bf1d3015d0e062174d060b$[0.0, 0.0, 9.338042933582751e-09]
83b5a4d6cb80179328bd2081e18e3eba$[0.0011519496556259155, 0.0014950864129496231, 22.102150900999952]
c748ff1e50b4d5cc5040343770261d42$[0.0, 0.0, 9.103647562281903e-09]
e3c00387980f093711a537ddcf3a5514$[0.003974375493265177, 0.007820134905662409, 18.790699403000158]
668e52aa4104fbe8c1fd928fc62ada50$[0.0039745304380538115, 0.007820306697307258, 18.790808605000155]
7951a40b178c7693628293083b40caff$[0.0001431877438663962, 0.0317324707647944, 44.359573158999964]
f760e6af534bb26205064e150af2cedd$[0.0, 0.0, 1.0309787143987658e-08]
f857db3f72bfa554c577393f4d339447$[0.0018899982454956643, 0.004074605847562948, 18.230405504000046]
f39e1811630d0d6da81a856a900bfeab$[0.0, 0.0, 9.68559467098791e-09]
a306929d80826aebdf2ad28610d087a0$[0.0011519505909962586, 0.001495087040644444, 22.10215471599979]
3190a0ac281582c17cdb1838da5d7ad8$[0.00431494265725997, 0.006827914574333262, 20.352981785000086]
4bf8e6ea0d472c169b976e04c5bd1d61$[0.009239268756596149, 0.023229002771636524, 32.60420313699996]
